1    85.677833333 -10.41925 P
4    85.554458333 -10.09302777 P
23   85.638083333 -10.02208333 P
24   85.641208333 -10.02041666 P
31   85.599 -10.01591666 P
32   85.640875 -10.01469444 P
37   85.585958333 -10.00563888 P
40   85.5795 -10.00219444 P
42   85.574291666 -9.996638888 P
44   85.572708333 -9.994805555 P
60   85.744208333 -9.921638888 P
69   85.7345 -9.847666666 P
76   85.703666666 -9.795166666 P
77   85.620833333 -9.792388888 P
89   85.704666666 -9.759555555 P
122  85.122583333 -9.468777777 P
125  85.503625 -9.420888888 P
153  85.732708333 -9.225277777 P
163  85.212833333 -9.106472222 P
178  85.29925 -8.958527777 P
180  85.299625 -8.950888888 P
197  85.66075 -8.8385 P
199  85.762 -8.797055555 P
200  85.107208333 -8.781027777 P
201  85.792416666 -8.768861111 P
204  85.78025 -8.741972222 P
211  85.371875 -8.717861111 P
212  85.374083333 -8.712777777 P
218  85.37675 -8.673 P
219  85.376458333 -8.671555555 P
221  85.383416666 -8.669361111 P
222  85.37525 -8.669277777 P
224  85.700375 -8.668972222 P
242  85.742791666 -8.634833333 P
244  85.384708333 -8.632083333 P
246  85.743166666 -8.62875 P
255  85.696791666 -8.610166666 P
257  85.392375 -8.591027777 P
268  85.731416666 -8.54675 P
270  85.789916666 -8.490861111 P
287  85.696041666 -8.285277777 P
292  85.701916666 -8.27625 P
301  85.087 -8.232 P
319  85.697375 -8.169111111 P
324  85.196333333 -8.163277777 P
333  85.628333333 -8.151444444 P
341  85.397666666 -8.139583333 P
352  85.2035 -8.115888888 P
353  85.256916666 -8.112444444 P
354  85.188583333 -8.111694444 P
358  85.208 -8.102305555 P
362  85.258291666 -8.100527777 P
367  85.355583333 -8.098555555 P
368  85.22025 -8.096888888 P
373  85.225041666 -8.086944444 P
384  85.375875 -8.061527777 P
385  85.370708333 -8.057166666 P
386  85.361 -8.0535 P
391  85.458125 -8.024027777 P
392  85.467958333 -8.022777777 P
393  85.358208333 -8.021055555 P
396  85.36 -8.01725 P
397  85.36275 -8.015222222 P
398  85.159708333 -8.01 P
401  85.246291666 -8.003972222 P
406  85.34525 -7.982222222 P
413  85.342041666 -7.9675 P
420  85.35925 -7.947666666 P
423  85.087 -7.940194444 P
426  85.332791666 -7.929611111 P
430  85.328708333 -7.92475 P
432  85.356083333 -7.921944444 P
433  85.352166666 -7.918694444 P
436  85.086333333 -7.916583333 P
437  85.168875 -7.911055555 P
439  85.352958333 -7.902361111 P
440  85.369875 -7.8975 P
444  85.348666666 -7.896333333 P
445  85.349875 -7.895 P
449  85.334666666 -7.886277777 P
455  85.084791666 -7.854138888 P
457  85.331916666 -7.844722222 P
465  85.183166666 -7.825111111 P
470  85.151458333 -7.818611111 P
473  85.062208333 -7.813527777 P
475  85.074125 -7.807222222 P
489  85.178791666 -7.750527777 P
498  85.102583333 -7.718972222 P
509  85.108708333 -7.625555555 P
514  84.994583333 -7.520027777 P
518  84.983125 -7.507777777 P
519  84.986916666 -7.506777777 P
524  84.986458333 -7.501694444 P
527  84.989208333 -7.492611111 P
528  85.024583333 -7.492472222 P
529  84.991541666 -7.482638888 P
536  85.114291666 -7.458277777 P
537  85.036583333 -7.457694444 P
545  84.831708333 -7.438555555 P
550  84.893 -7.4365 P
551  84.83325 -7.436444444 P
558  84.985416666 -7.430972222 P
560  85.005708333 -7.427388888 P
562  84.99125 -7.420305555 P
564  84.04475 -7.407916666 P
567  84.981 -7.405416666 P
572  84.977416666 -7.404111111 P
575  84.961041666 -7.391805555 P
577  84.88875 -7.382611111 P
587  84.716708333 -7.351694444 P
594  84.8265 -7.339888888 P
595  84.753916666 -7.339611111 P
602  84.938041666 -7.320416666 P
617  84.762333333 -7.214527777 P
623  84.144833333 -7.187138888 P
627  84.688833333 -7.182194444 P
628  84.781541666 -7.181138888 P
629  84.774291666 -7.177611111 P
630  84.799375 -7.176388888 P
632  85.040833333 -7.164972222 P
636  84.531375 -7.141444444 P
638  84.494833333 -7.123694444 P
640  84.487541666 -7.115694444 P
669  84.724791666 -7.042555555 P
670  84.575625 -7.040638888 P
678  84.692833333 -7.031527777 P
687  84.706708333 -7.021611111 P
688  84.682666666 -7.020333333 P
690  84.68975 -7.017277777 P
691  84.687541666 -7.017166666 P
695  84.69025 -7.015138888 P
696  84.700083333 -7.01375 P
697  84.692458333 -7.0135 P
701  84.699041666 -7.007472222 P
709  84.664625 -6.99175 P
713  84.583708333 -6.984694444 P
718  84.351916666 -6.975777777 P
721  84.668666666 -6.972694444 P
722  84.514166666 -6.971055555 P
730  83.635916666 -6.953027777 P
737  84.485708333 -6.944222222 P
740  84.729166666 -6.9385 P
742  83.716458333 -6.930222222 P
768  84.462666666 -6.789 P
769  84.473916666 -6.788027777 P
770  84.106833333 -6.787888888 P
771  84.098083333 -6.770694444 P
772  84.095166666 -6.768388888 P
773  84.082458333 -6.766916666 P
777  84.078875 -6.756305555 P
783  84.104708333 -6.744944444 P
823  84.071666666 -6.633777777 P
831  84.322 -6.605055555 P
839  83.958416666 -6.5815 P
841  83.566166666 -6.57575 P
845  84.172208333 -6.566694444 P
868  84.081 -6.485222222 P
878  83.86875 -6.4505 P
879  83.87425 -6.4495 P
882  83.878708333 -6.44225 P
885  83.947 -6.437416666 P
892  83.666083333 -6.420611111 P
895  84.1085 -6.418111111 P
896  84.105416666 -6.417388888 P
897  84.10775 -6.416305555 P
899  84.10025 -6.41525 P
901  84.09825 -6.414333333 P
906  83.985458333 -6.403305555 P
919  84.091 -6.391611111 P
931  83.96225 -6.37875 P
933  84.102541666 -6.378138888 P
936  84.074416666 -6.374472222 P
940  84.081208333 -6.37225 P
943  84.076958333 -6.370388888 P
944  84.08125 -6.370083333 P
945  84.078458333 -6.3695 P
1005 83.433 -6.229527777 P
1008 83.842416666 -6.218388888 P
1019 84.071916666 -6.186388888 P
1027 83.966666666 -6.167166666 P
1042 84.00025 -6.120611111 P
1046 83.888375 -6.102666666 P
1078 84.126125 -6.0215 P
1081 84.135208333 -6.021166666 P
1093 83.7875 -5.974333333 P
1100 83.805875 -5.966138888 P
1121 83.785833333 -5.93175 P
1128 83.852333333 -5.925944444 P
1130 84.079875 -5.925083333 P
1135 83.753375 -5.923805555 P
1136 84.07925 -5.92375 P
1162 83.779916666 -5.868305555 P
1165 83.772875 -5.865111111 P
1170 83.858291666 -5.856361111 P
1177 83.377958333 -5.844722222 P
1191 83.752208333 -5.817222222 P
1203 83.569 -5.794027777 P
1220 83.847791666 -5.768361111 P
1238 83.695583333 -5.747472222 P
1246 83.844291666 -5.741527777 P
1283 84.0905 -5.699472222 P
1285 83.697041666 -5.698861111 P
1286 83.781541666 -5.698583333 P
1294 83.704333333 -5.695055555 P
1297 83.683583333 -5.690527777 P
1313 83.532791666 -5.677916666 P
1316 83.821875 -5.674138888 P
1325 83.647708333 -5.666416666 P
1355 83.840291666 -5.63275 P
1361 83.610125 -5.627916666 P
1369 83.22625 -5.620777777 P
1371 83.769666666 -5.620083333 P
1400 83.7855 -5.599833333 P
1402 83.177041666 -5.598722222 P
1406 83.622666666 -5.595194444 P
1407 83.771 -5.594638888 P
1415 83.768791666 -5.587333333 P
1416 83.764125 -5.587305555 P
1421 83.794083333 -5.585083333 P
1431 84.101875 -5.580833333 P
1433 83.210625 -5.578472222 P
1434 83.200541666 -5.578138888 P
1453 83.932625 -5.561444444 P
1454 83.776875 -5.55975 P
1472 83.831916666 -5.550388888 P
1474 83.441125 -5.549472222 P
1479 83.777333333 -5.547666666 P
1503 83.703666666 -5.529416666 P
1504 83.670458333 -5.529 P
1512 84.091541666 -5.520611111 P
1513 84.16725 -5.5205 P
1573 83.818 -5.492388888 P
1609 83.825333333 -5.473555555 P
1640 83.813333333 -5.460416666 P
1662 83.690083333 -5.448611111 P
1718 83.830708333 -5.428361111 P
1739 83.757083333 -5.420138888 P
1743 83.849916666 -5.419416666 P
1760 83.520208333 -5.412638888 P
1766 83.797083333 -5.410638888 P
1771 83.8005 -5.409388888 P
1775 83.807666666 -5.40725 P
1783 83.793916666 -5.404583333 P
1789 83.750916666 -5.402527777 P
1800 83.75875 -5.399111111 P
1807 83.809916666 -5.397472222 P
1808 83.829333333 -5.397138888 P
1820 83.807416666 -5.394444444 P
1831 83.489083333 -5.391777777 P
1834 83.805833333 -5.391444444 P
1839 83.58625 -5.389805555 P
1847 83.792708333 -5.387638888 P
1848 83.82775 -5.38725 P
1858 84.01875 -5.384861111 P
1882 83.77775 -5.378944444 P
1895 83.767291666 -5.375555555 P
1913 83.807458333 -5.366638888 P
1953 83.88625 -5.354972222 P
1968 83.812208333 -5.350166666 P
1969 83.799333333 -5.350083333 P
1971 83.824333333 -5.348305555 P
1983 83.483375 -5.344638888 P
2017 83.806666666 -5.331916666 P
2031 83.789875 -5.328527777 P
2037 83.814125 -5.326222222 P
2044 83.836291666 -5.323972222 P
2047 83.728166666 -5.321805555 P
2050 83.798375 -5.320111111 P
2059 83.790916666 -5.316138888 P
2060 83.842083333 -5.316027777 P
2069 83.819541666 -5.312555555 P
2073 83.800083333 -5.311333333 P
2091 83.821208333 -5.303861111 P
2106 83.831916666 -5.296166666 P
2187 83.831125 -5.259083333 P
2193 83.832666666 -5.252361111 P
2221 83.93775 -5.232083333 P
2236 83.836375 -5.223222222 P
2237 83.833916666 -5.220972222 P
2254 83.847208333 -5.200861111 P
2255 83.357958333 -5.200722222 P
2259 83.778875 -5.197277777 P
2268 83.852416666 -5.191583333 P
2279 83.853041666 -5.175055555 P
2282 83.862375 -5.171444444 P
2287 83.864833333 -5.169083333 P
2288 83.85375 -5.167083333 P
2289 83.862791666 -5.166777777 P
2293 83.8625 -5.165027777 P
2300 83.839791666 -5.16075 P
2302 83.865125 -5.159305555 P
2305 83.861833333 -5.156833333 P
2321 83.844541666 -5.142777777 P
2323 83.85125 -5.141833333 P
2324 83.855083333 -5.14 P
2332 83.856708333 -5.132583333 P
2351 83.856 -5.114694444 P
2355 83.853583333 -5.105944444 P
2361 83.861083333 -5.102861111 P
2366 83.859 -5.096472222 P
2367 83.881375 -5.096444444 P
2369 83.857583333 -5.095444444 P
2378 83.854916666 -5.085944444 P
2382 83.866458333 -5.082805555 P
2385 83.832166666 -5.081833333 P
2393 83.982208333 -5.077111111 P
2405 83.862166666 -5.068472222 P
2407 83.860708333 -5.065305555 P
2408 83.867416666 -5.061361111 P
2427 83.848541666 -5.027861111 P
2433 83.847791666 -5.024638888 P
2437 83.843458333 -5.020583333 P
2440 83.833166666 -5.017388888 P
2441 83.893625 -5.014444444 P
2442 83.828791666 -5.014138888 P
2446 83.826333333 -5.009166666 P
2451 83.812625 -5.002277777 P
2453 83.817291666 -5.000638888 P
2456 83.8925 -4.997833333 P
2458 83.874208333 -4.997527777 P
2469 83.873833333 -4.980222222 P
2510 83.622916666 -4.925166666 P
2527 83.78425 -4.902694444 P
2561 83.646583333 -4.871638888 P
2593 83.77825 -4.833833333 P
2649 83.8845 -4.780138888 P
2690 83.92675 -4.715833333 P
2707 83.84725 -4.669583333 P
2748 84.126458333 -4.538 P
2827 85.2155 -2.446833333 P
2830 85.370583333 -2.388722222 P
2837 85.35975 -2.305555555 P
2838 85.321541666 -2.302111111 P
2842 85.346958333 -2.293277777 P
2846 85.404875 -2.288055555 P
2853 85.434125 -2.268805555 P
2854 85.350875 -2.268444444 P
2855 85.43575 -2.268416666 P
2857 85.436541666 -2.265361111 P
2859 85.093375 -2.261027777 P
2867 85.510916666 -2.129361111 P
2882 85.45775 -1.996472222 P
2886 85.370916666 -1.987027777 P
2897 85.466958333 -1.975583333 P
2900 85.301 -1.965555555 P
2915 85.441791666 -1.948277777 P
2923 85.4705 -1.941555555 P
2926 85.441416666 -1.940583333 P
2934 85.442625 -1.931722222 P
2941 85.434083333 -1.922277777 P
2950 85.4415 -1.917166666 P
2954 85.438041666 -1.913083333 P
2955 85.433708333 -1.912527777 P
2957 85.423375 -1.911194444 P
2958 85.422916666 -1.910888888 P
2961 85.351208333 -1.909083333 P
2970 85.38475 -1.905416666 P
2975 85.431 -1.903361111 P
2981 85.434166666 -1.901361111 P
2989 85.432958333 -1.897583333 P
2991 85.398958333 -1.896666666 P
2996 85.433791666 -1.893638888 P
3005 85.431125 -1.890444444 P
3036 85.412916666 -1.86875 P
3039 85.439083333 -1.865777777 P
3076 85.763 -1.801277777 P
3085 85.307708333 -1.784416666 P
3104 85.808208333 -1.7195 P
3133 85.615333333 -1.333611111 P
3138 85.762666666 -1.274694444 P
3140 85.773791666 -1.265083333 P
3149 85.253166666 -1.152944444 P
3151 85.942958333 -1.078944444 P
3156 86.6505 -0.341444444 P
3159 86.515125 -0.247 P
3160 86.519875 -0.237861111 P
3163 86.530375 -0.223055555 P
3166 86.535791666 -0.177361111 P
3167 86.535416666 -0.167388888 P
3168 86.532666666 -0.166916666 P
3169 86.537166666 -0.165555555 P
3171 86.55625 -0.148694444 P
3175 86.554166666 -0.137444444 P
3180 86.554708333 -0.10125 P
3183 86.559166666 -0.090805555 P
3195 86.638208333 0.0006111111 P
3199 86.693708333 0.0044722222 P
3201 86.698708333 0.0070277777 P
3202 86.695916666 0.0075 P
3203 86.656416666 0.0094444444 P
3208 86.679666666 0.0145833333 P
3211 86.663541666 0.0208055555 P
3215 86.699791666 0.0283333333 P
3232 86.664916666 0.0712777777 P
3268 89.603041666 0.1196666666 P
3277 86.613916666 0.1476944444 P
3311 86.82875 0.2976111111 P
3312 86.756708333 0.2996944444 P
3337 86.714041666 0.3298333333 P
3338 86.618 0.3303888888 P
3341 86.902375 0.3350555555 P
3343 86.882083333 0.3391111111 P
3344 86.885166666 0.3394166666 P
3353 86.821083333 0.3481388888 P
3355 86.845333333 0.3495277777 P
3359 86.794208333 0.3539444444 P
3363 86.702208333 0.3578333333 P
3366 86.769875 0.3619166666 P
3375 86.766583333 0.3695833333 P
3378 86.774416666 0.3774722222 P
3383 86.677 0.3836944444 P
3391 86.729583333 0.3929444444 P
3398 86.738916666 0.3972777777 P
3404 86.473333333 0.42425 P
3408 86.755375 0.4393055555 P
3409 86.754125 0.4395 P
3425 86.987875 0.5909444444 P
3426 86.995958333 0.5924444444 P
3427 86.853041666 0.6264444444 P
3429 86.912416666 0.6434166666 P
3439 86.929125 0.6826388888 P
3460 88.551416666 1.7098611111 P
3462 88.538041666 1.7144444444 P
3464 88.737375 1.7156111111 P
3471 88.724041666 1.7860833333 P
3472 88.634 1.802 P
3473 88.576708333 1.8176111111 P
3474 88.583541666 1.8452222222 P
3514 271.18541666 -4.618333333 F
3521 271.37958333 -4.635833333 F
3535 272.62041666 -2.628333333 F
3605 276.29708333 -2.981388888 P
3606 276.30541666 -2.998333333 F
3619 276.63666666 -3.774166666 F
3637 276.76375 -2.759166666 F
3672 276.90291666 -3.834444444 P
3690 276.95875 -3.820277777 F
3696 276.97791666 -3.710555555 P
3705 277.0225 -3.783055555 P
3752 277.19875 -1.635277777 P
3753 277.19875 -1.637222222 P
3761 277.22833333 -1.624166666 P
3762 277.2325 -1.626111111 P
3763 277.2325 -1.720277777 F
3766 277.23791666 -1.620833333 F
3768 277.24041666 -1.708333333 F
3770 277.24291666 -1.642777777 F
3784 277.2575 -1.650555555 F
3801 277.27208333 -1.698888888 P
3802 277.2725 -3.7125 F
3803 277.27458333 -1.506944444 P
3809 277.28333333 -2.039166666 F
3812 277.28375 -2.093888888 F
3827 277.29625 -2.075 P
3835 277.30333333 -2.063888888 P
3836 277.30416666 -1.771388888 P
3854 277.31916666 -2.060833333 F
3857 277.32 -1.291666666 P
3875 277.33708333 -1.620555555 F
3882 277.3475 -1.648611111 P
3884 277.35458333 -1.793611111 F
3916 277.4025 -1.849722222 F
3920 277.40583333 -3.248055555 F
3924 277.40875 -1.85 P
3928 277.41083333 -1.85 P
3932 277.41291666 -1.839166666 F
3935 277.4175 -1.675555555 P
3941 277.42458333 -1.836388888 P
3946 277.43041666 -1.9475 P
3949 277.43291666 -2.215277777 P
3957 277.44125 -1.553333333 F
3960 277.44583333 -1.93 F
3962 277.44708333 -1.934166666 P
3966 277.46708333 -1.96 P
3967 277.46791666 -1.9625 P
3970 277.47375 -1.962777777 F
3972 277.47625 -1.973055555 P
3986 277.49125 -2.0175 F
3988 277.49291666 -1.961111111 P
3990 277.49541666 -2.023611111 P
3991 277.49583333 -2.0325 F
3993 277.4975 -2.018333333 P
3996 277.5 -1.954166666 F
3997 277.50083333 -2.014444444 P
3998 277.50208333 -2.036388888 F
3999 277.5025 -2.034444444 F
4002 277.50416666 -2.102222222 P
4004 277.505 -2.03 P
4007 277.50541666 -2.061666666 P
4009 277.50916666 -2.033055555 P
4010 277.51 -2.049166666 P
4011 277.51125 -2.049722222 F
4012 277.51166666 -2.044444444 P
4013 277.51166666 -2.039444444 P
4014 277.51208333 -2.025833333 F
4015 277.5125 -1.608888888 P
4017 277.51291666 -2.042777777 P
4018 277.51333333 -2.057222222 P
4019 277.51375 -2.045833333 P
4022 277.51791666 -2.027222222 P
4023 277.51833333 -2.070833333 F
4025 277.51958333 -2.040833333 P
4026 277.52041666 -2.028333333 F
4028 277.52125 -2.028055555 F
4029 277.52166666 -2.035 F
4030 277.52166666 -2.042777777 F
4031 277.52166666 -2.056944444 P
4034 277.52291666 -2.018611111 F
4035 277.52416666 -2.028888888 P
4039 277.52583333 -2.051111111 P
4041 277.52791666 -2.060277777 F
4046 277.53625 -2.102777777 F
4052 277.545 -2.065 F
4054 277.54708333 -2.115555555 P
4068 277.565 -2.121944444 P
4069 277.565 -1.843055555 F
4071 277.5675 -1.881111111 P
4074 277.56916666 -2.493333333 F
4076 277.57083333 -2.166111111 P
4077 277.5725 -2.166111111 P
4084 277.58833333 -2.186666666 F
4085 277.59083333 -1.866666666 F
4098 277.60041666 -2.174722222 F
4101 277.60208333 -1.902777777 F
4105 277.60708333 -2.1875 P
4106 277.6075 -2.178333333 P
4107 277.60791666 -2.195 P
4108 277.61166666 -1.890833333 F
4111 277.61291666 -2.182222222 P
4113 277.61333333 -2.183333333 P
4114 277.61458333 -1.910833333 P
4120 277.62166666 -1.945 F
4129 277.63208333 -1.936944444 F
4131 277.635 -3.833611111 F
4147 277.65125 -3.100277777 F
4149 277.65625 -2.148055555 P
4150 277.65666666 -2.144444444 P
4153 277.65958333 -2.145277777 P
4175 277.69541666 -1.9475 P
4176 277.69541666 -1.945833333 P
4185 277.70291666 -1.933611111 P
4229 277.76125 -2.166388888 F
4249 277.79583333 -2.1 P
4279 277.83083333 -2.1275 P
4322 277.87708333 -2.015277777 F
4330 277.89083333 -2.208055555 F
4332 277.89375 -2.253333333 F
4337 277.89958333 -2.225 P
4339 277.90041666 -2.246666666 P
4360 277.91833333 -2.137222222 F
4411 277.96708333 -2.023888888 P
4413 277.96833333 -2.008611111 F
4437 278.00625 -2.637222222 F
4460 278.05458333 -1.958333333 P
4466 278.06291666 -2.581388888 P
4467 278.06625 -2.578611111 F
4508 278.15583333 -2.845833333 F
4524 278.19 -2.7825 P
4556 278.26416666 -2.145 P
4588 278.34875 0.6783333333 P
4589 278.35041666 0.6766666666 P
4594 278.3725 -2.766111111 P
4628 279.09875 -0.246666666 P
4663 279.37583333 0.1183333333 P
4664 279.37583333 0.1197222222 F
4665 279.37958333 0.1183333333 P
4674 279.41333333 -0.426388888 F
4678 279.445 -0.031944444 P
4688 279.48208333 0.3919444444 P
4751 279.73208333 -0.394444444 P
4754 279.745 0.5525 P
4759 279.75541666 0.5041666666 P
4765 279.78958333 0.2316666666 F
4766 279.79041666 0.5458333333 F
4781 279.87416666 0.6277777777 F
4815 280.07333333 0.2702777777 P
4824 60.352083333 41.030277777 P
4827 62.510833333 40.046666666 P
4829 62.535 40.04 P
4830 62.54625 40.023888888 P
4836 64.935833333 38.189444444 F
4840 65.42 37.566388888 P
4842 66.41 37.116944444 P
4843 66.415416666 37.118888888 P
4847 67.062916666 36.507777777 F
4850 67.145833333 36.418333333 P
4852 67.160416666 36.424444444 P
4854 67.181666666 36.4775 P
4855 67.185 36.4125 F
4856 67.20625 36.486111111 P
4857 67.230416666 36.522777777 P
4860 67.416666666 35.352222222 P
4866 67.455 35.239444444 F
4869 67.4625 35.263055555 P
4871 67.475416666 35.1725 F
4873 67.484166666 35.295 P
4878 67.515 35.238888888 P
4883 67.534166666 35.236111111 P
4885 67.539583333 35.244444444 P
4892 67.562083333 36.002222222 P
4897 67.58125 35.139166666 F
4900 67.599166666 35.353333333 P
4902 67.6025 35.755555555 P
4907 67.614166666 35.154722222 P
4908 67.615416666 35.770833333 P
4909 67.616666666 35.154444444 P
4921 67.627083333 35.862222222 P
4922 67.63125 35.753611111 F
4924 67.653333333 35.91 P
4928 67.6575 35.850277777 P
4930 67.660833333 35.910833333 F
4938 67.67125 35.494722222 P
4939 67.684166666 35.9975 P
4942 67.6925 34.982222222 P
4945 67.702083333 35.631388888 P
4947 67.705 34.936111111 P
4952 67.722916666 34.940833333 P
4955 67.732916666 34.946388888 P
4956 67.735833333 35.501111111 P
4957 308.94291666 67.883888888 P
4958 309.04833333 67.9525 F
4960 309.92916666 67.141666666 F
4961 310.23625 67.384722222 P
4963 314.27791666 77.615555555 F
4964 314.28291666 77.616388888 F
4965 314.30416666 77.595277777 F
4973 315.08625 68.221111111 P
4974 315.09208333 68.216111111 P
4990 315.38666666 68.188888888 P
4996 315.43291666 68.234166666 P
5004 315.55875 68.125 P
5005 315.58833333 67.905555555 P
5013 315.74791666 68.108888888 F
5019 337.0125 69.021111111 P
5020 337.03083333 69.010555555 P
5021 337.38875 75.221111111 F
5022 337.4975 75.234166666 F
5023 337.6325 75.235833333 P
5031 338.80875 75.250555555 F
5034 338.86083333 75.276666666 F
5036 339.02333333 75.308888888 F
5045 339.67833333 75.193333333 P
5046 339.69541666 75.1925 P
5048 339.72083333 75.189722222 P
5050 339.80541666 75.204166666 P
5056 309.77583333 68.0375 P
5057 311.47458333 67.960555555 P
5059 338.8475 75.285277777 P
5061 166.09458333 -77.30222222 F
5069 166.69333333 -77.37555555 P
5070 166.74166666 -77.38 P
5075 166.78833333 -77.38472222 P
5079 166.81708333 -77.385 F
5111 167.36875 -76.55777777 P
5121 167.47625 -76.51972222 F
5124 167.51375 -76.55305555 F
5138 167.79458333 -76.69916666 F
5149 193.42833333 -77.25305555 P
5154 194.77708333 -77.1275 P
5172 187.7475 -80.08638888 P
5177 284.46916666 -37.24444444 P
5180 285.06458333 -36.96583333 F
5194 285.45 -36.95611111 P
5195 285.45166666 -36.95388888 P
5199 285.48166666 -36.9475 P
5207 285.73666666 -37.12194444 F
5208 285.75416666 -37.13138888 F
5212 285.98 -37.15972222 F
5218 285.49375 -36.95222222 P
5219 285.74416666 -37.12638888 P
5224 285.77833333 -37.21361111 F
5226 285.46083333 -36.96916666 P
5227 285.42291666 -36.97527777 F
5228 285.48041666 -36.95583333 P
5229 285.485 -36.95777777 P
5231 326.17916666 47.778611111 P
5233 326.20125 47.749722222 P
5235 326.21541666 47.678888888 P
5236 326.21666666 47.675 P
5240 326.22458333 47.761944444 P
5241 326.2375 47.697777777 F
5243 326.26083333 47.551944444 P
5245 326.28458333 47.551388888 F
5246 326.36583333 47.763888888 P
5247 326.38 47.605833333 P
5250 326.49375 47.600277777 P
5257 326.7625 47.553888888 P
5258 326.775 47.660833333 P
5261 326.83833333 47.540555555 F
5262 326.84416666 47.534722222 P
5263 326.84458333 47.537222222 P
5264 326.86958333 47.538055555 F
5267 326.98166666 47.619722222 P
5268 326.99666666 47.607222222 P
5269 328.05958333 47.248333333 P
5280 328.15708333 47.243888888 P
5292 328.27875 47.242777777 P
5302 328.35416666 47.272777777 F
5307 328.36791666 47.261944444 P
5308 328.36916666 47.264166666 P
5315 328.37666666 47.219444444 F
5318 328.38083333 47.371388888 P
5322 328.3875 47.244166666 F
5324 328.38791666 47.238333333 P
5327 328.39125 47.29 P
5330 328.39458333 47.345555555 F
5334 328.40125 47.3175 P
5335 328.40416666 47.304722222 P
5337 328.40958333 47.326388888 F
5345 328.425 47.240555555 F
5350 328.45708333 47.230833333 P
5353 328.48208333 47.341666666 P
5355 328.49208333 47.245833333 P
5363 234.70125 -34.67722222 F
5366 235.56041666 -34.17361111 P
5369 235.75916666 -34.735 F
5375 241.76583333 -39.18638888 F
5376 241.78541666 -39.23527777 F
5382 241.97791666 -39.26222222 F
5394 242.12375 -39.05305555 P
5413 242.325 -39.08138888 P
5423 242.61416666 -39.04166666 F
5437 243.01833333 -38.16638888 F
5450 240.31458333 -41.87638888 F
5454 240.59 -41.68138888 P
5526 246.21541666 -39.94222222 P
5544 184.81625 -72.30694444 P
5561 245.41125 -22.89111111 P
5563 245.43791666 -23.70861111 F
5567 245.58708333 -23.06722222 F
5577 245.7725 -23.04888888 F
5579 245.77833333 -22.96 F
5585 245.88416666 -24.43138888 F
5591 245.91666666 -23.56027777 F
5606 246.36458333 -24.61305555 F
5616 246.44416666 -24.39333333 F
5624 246.56083333 -24.41861111 P
5627 246.57166666 -24.39583333 P
5631 246.57875 -24.40388888 F
5635 246.58875 -24.38444444 P
5638 246.5925 -24.40194444 F
5641 246.59791666 -24.41083333 F
5646 246.60583333 -24.38361111 P
5647 246.60666666 -24.40777777 P
5648 246.60791666 -24.39444444 F
5649 246.61 -24.40833333 P
5655 246.66833333 -24.45388888 P
5660 246.68375 -24.58 P
5663 246.70166666 -24.47722222 F
5666 246.71625 -24.51083333 F
5667 246.7225 -24.54333333 F
5668 246.72583333 -24.41027777 F
5680 246.74625 -24.58416666 P
5681 246.75958333 -24.62416666 P
5682 246.76208333 -24.43722222 F
5684 246.76708333 -24.47472222 F
5686 246.77166666 -24.60805555 P
5691 246.77791666 -24.63722222 P
5695 246.78916666 -24.62166666 P
5696 246.79625 -24.67944444 F
5702 246.81 -24.44583333 F
5705 246.81458333 -24.51472222 F
5706 246.81583333 -24.42027777 F
5708 246.81791666 -24.52055555 F
5709 246.82291666 -24.48222222 P
5711 246.82625 -24.65388888 F
5713 246.83 -24.47861111 F
5714 246.83916666 -24.69527777 F
5715 246.84041666 -24.49805555 P
5716 246.84083333 -24.4575 F
5718 246.85208333 -24.68416666 P
5721 246.85916666 -24.71277777 F
5723 246.86208333 -24.68055555 P
5725 246.86625 -24.65916666 P
5726 246.86833333 -24.45583333 F
5728 246.87541666 -24.46194444 F
5730 246.87875 -24.45916666 P
5738 246.905 -24.71027777 F
5743 246.91208333 -24.67222222 F
5746 246.91583333 -24.72083333 F
5750 246.92333333 -24.77888888 F
5751 246.92375 -24.72666666 F
5756 246.94041666 -24.74805555 F
5759 246.95083333 -24.70694444 P
5761 246.96541666 -24.52916666 F
5778 247.09 -24.60638888 P
5787 247.24083333 -24.68166666 P
5806 247.87166666 -24.07527777 F
5812 247.8925 -24.05694444 F
5813 247.89833333 -24.02472222 F
5814 247.90291666 -24.07194444 F
5815 247.93208333 -24.92333333 F
5820 247.96666666 -24.95722222 P
5822 247.96833333 -24.92666666 P
5827 248.00375 -24.945 P
5832 248.09416666 -24.47527777 P
5844 251.10083333 -24.02333333 P
5847 251.36083333 -24.05138888 F
5849 251.7425 -9.588611111 P
5856 245.51791666 -19.72388888 F
5858 254.33166666 -16.15638888 P
5859 51.33125 30.573333333 F
5860 51.342916666 30.753611111 P
5861 51.400833333 30.754166666 P
5862 51.401666666 30.756111111 P
5863 51.411666666 30.735 P
5864 51.412916666 30.732777777 P
5865 51.655833333 30.257777777 P
5867 51.911666666 30.215833333 P
5868 51.9125 30.2175 P
5870 51.93 30.207777777 P
5871 51.948333333 30.201111111 F
5873 52.00125 30.133611111 P
5874 52.135416666 31.184722222 P
5875 52.143333333 31.014166666 P
5876 52.14375 31.118055555 P
5877 52.145416666 30.915 F
5878 52.145833333 30.335833333 F
5879 52.154166666 31.225 P
5880 52.16125 31.301666666 F
5881 52.162916666 31.100277777 P
5882 52.165416666 31.291944444 P
5883 52.169166666 31.298888888 P
5886 52.18 31.292222222 F
5888 52.18875 31.094722222 P
5892 52.202916666 31.268888888 F
5897 52.213333333 31.294166666 P
5906 52.23125 31.243333333 P
5909 52.235833333 31.126944444 F
5914 52.23875 31.2375 P
5919 52.243333333 31.371388888 P
5920 52.246666666 31.342222222 F
5921 52.247083333 31.263333333 F
5923 52.252083333 31.2 P
5924 52.25625 31.338888888 P
5925 52.2575 31.281388888 F
5929 52.26375 31.387222222 P
5930 52.265416666 31.2675 P
5933 52.266666666 31.246111111 P
5935 52.269166666 31.368055555 P
5938 52.270416666 31.343888888 F
5941 52.275 30.510833333 P
5943 52.282083333 31.365833333 P
5945 52.287083333 31.382222222 F
5947 52.287916666 31.357777777 P
5953 52.293333333 31.225277777 P
5954 52.294166666 31.227777777 P
5955 52.294166666 31.305555555 P
5957 52.295416666 31.307222222 P
5958 52.296666666 31.308611111 P
5959 52.299166666 31.3575 P
5960 52.3 31.218055555 P
5961 52.3 31.216944444 F
5962 52.30375 31.303888888 P
5964 52.30625 31.232777777 P
5969 52.32125 31.462777777 P
5970 52.322916666 31.463333333 P
5973 52.325833333 31.388611111 P
5974 52.3275 31.338055555 F
5976 52.333333333 31.401944444 P
5977 52.335 31.309444444 F
5982 52.3475 31.558055555 P
5983 52.35 31.3325 F
5995 52.465833333 31.651666666 P
5997 52.562916666 30.396944444 P
5998 52.593333333 31.544444444 F
6001 52.612916666 30.474722222 F
6002 52.635833333 30.440555555 P
6006 52.659166666 30.536388888 F
6010 52.81125 30.831944444 F
6013 52.837083333 30.758333333 P
6017 53.074583333 30.829722222 P
6018 53.12125 31.044444444 F
6024 53.240833333 31.102222222 P
6025 53.276666666 31.134444444 F
6026 53.289583333 31.091944444 P
6027 53.303333333 31.356666666 F
6028 53.3075 31.334722222 P
6029 53.309583333 31.119444444 P
6030 53.318333333 31.114444444 P
6031 53.319166666 31.131944444 P
6032 53.324166666 31.158611111 P
6033 53.334583333 31.1225 P
6034 53.363333333 31.119444444 P
6049 55.420833333 31.801111111 F
6051 55.482083333 31.803055555 F
6054 55.494166666 31.805833333 P
6056 55.50875 31.800555555 P
6072 55.733333333 31.945555555 F
6082 55.8725 31.871944444 P
6083 55.9 31.835833333 F
6086 55.937916666 32.066111111 F
6088 55.962083333 32.056666666 P
6089 55.9625 32.052222222 F
6094 55.985416666 32.014444444 P
6095 55.986666666 32.051111111 P
6097 55.988333333 32.013055555 F
6099 55.990833333 32.053333333 P
6103 55.9975 32.009722222 F
6108 56.01 32.034444444 P
6109 56.010833333 32.033055555 P
6117 56.038333333 32.043611111 P
6120 56.05375 32.026388888 F
6134 56.08875 31.992222222 P
6143 56.103333333 32.23 P
6162 56.12625 32.193055555 F
6180 56.147083333 32.476944444 F
6204 56.180416666 32.025277777 P
6207 56.182916666 32.026666666 P
6228 56.3075 32.202777777 P
6242 56.7725 32.718888888 P
6243 56.922916666 32.862222222 P
6250 277.06333333 -0.045277777 F
6263 277.17416666 -0.055833333 F
6264 277.18333333 0.8936111111 P
6265 277.18625 0.8569444444 P
6267 277.18708333 0.8675 P
6275 277.21333333 0.3241666666 F
6277 277.21958333 0.4794444444 F
6280 277.225 0.4916666666 P
6282 277.22833333 0.4977777777 P
6283 277.22875 0.3088888888 P
6285 277.23208333 0.4955555555 P
6286 277.23583333 0.5022222222 P
6300 277.25875 0.5222222222 F
6303 277.26791666 0.5566666666 P
6307 277.27583333 0.5119444444 P
6308 277.27791666 0.5094444444 P
6315 277.2875 0.5244444444 F
6316 277.2875 0.5255555555 P
6326 277.31708333 0.3061111111 F
6335 277.36375 0.6469444444 F
6340 277.38291666 1.3116666666 F
6352 277.4175 0.2536111111 P
6365 277.44583333 1.2738888888 F
6369 277.45041666 1.2788888888 P
6371 277.45458333 1.2719444444 P
6372 277.455 1.2752777777 P
6373 277.45625 1.285 P
6375 277.45666666 1.2558333333 P
6376 277.45666666 1.2488888888 F
6380 277.46291666 1.2777777777 P
6383 277.46666666 0.6119444444 F
6384 277.4675 1.2630555555 P
6385 277.4675 1.2663888888 P
6388 277.46875 0.6030555555 P
6389 277.47 1.2488888888 P
6408 277.48583333 1.2108333333 P
6409 277.48666666 1.2461111111 P
6412 277.48958333 1.2166666666 P
6414 277.49 1.2177777777 F
6415 277.49041666 1.2347222222 F
6418 277.49083333 1.2141666666 P
6423 277.49458333 1.2405555555 P
6424 277.49583333 1.2069444444 F
6428 277.49666666 1.2336111111 P
6429 277.49708333 1.1780555555 F
6430 277.49791666 1.1997222222 P
6431 277.49958333 1.2197222222 P
6436 277.50291666 1.2169444444 P
6437 277.50458333 1.2233333333 F
6440 277.50833333 1.2330555555 P
6441 277.51125 1.2077777777 F
6450 277.52166666 0.6844444444 P
